calibration error of each image: 
image 0: 0.0773771 pixels
image 1: 0.0754903 pixels
image 2: 0.080432 pixels
image 3: 0.0980649 pixels
image 4: 0.0918787 pixels
image 5: 0.0746452 pixels
image 6: 0.0963646 pixels
image 7: 0.0964202 pixels
image 8: 0.103699 pixels
image 9: 0.0938379 pixels
image 10: 0.13415 pixels
image 11: 0.0967832 pixels
image 12: 0.117459 pixels
image 13: 0.110319 pixels
average error of total images: 0.0962087 pixels
intrinsic camera mat: 
[1457.126644088209, 0, 351.5204716699943;
  0, 1451.390746999167, 201.0106420588208;
  0, 0, 1]

distort coefficients: 
[0.76189912831221, -75.17422187231178, -0.02239626631949302, -0.004350419864630604, 1685.783089067877]

image 0 t vec: 
[15.13855417958302;
  -23.43441327780387;
  299.7646317967859]
image 0 r mat: 
[-0.7803902336344353, -0.006048396800957118, 0.6252635445507195;
  0.3029584103061218, 0.8710893834647105, 0.3865481698829503;
  -0.5469984322397816, 0.4910872660853759, -0.677957234798783]
image 1 t vec: 
[27.10019464785869;
  -2.819008319753197;
  291.9715553533688]
image 1 r mat: 
[-0.9937526498812437, 0.1089844721276867, -0.02404278871212589;
  0.1070498850736153, 0.8698940412018822, -0.4814817537427394;
  -0.03155935613621112, -0.481047546419798, -0.8761262837763516]
image 2 t vec: 
[15.45311489961962;
  -8.92463423877977;
  261.5142468144476]
image 2 r mat: 
[-0.6045107857434691, 0.3192777265378491, -0.7298139785292115;
  0.1022416887785973, 0.9396845799496543, 0.3264039326977284;
  0.7900084474203515, 0.1226972841658087, -0.6006929577270077]
image 3 t vec: 
[18.40843610606631;
  1.887854780560154;
  268.4901613329343]
image 3 r mat: 
[-0.8653867795602725, 0.2862259656969162, -0.4113154729926508;
  0.07451829385042825, 0.8851976687080667, 0.459208134940384;
  0.4955327896758412, 0.3667421217622438, -0.7873674304169599]
image 4 t vec: 
[27.81054488860815;
  -15.96097668204793;
  286.8261019592987]
image 4 r mat: 
[-0.9557324461213719, 0.2658070439403314, -0.1261828309341721;
  0.1381199077238363, 0.7839505855507326, 0.6052638850162988;
  0.2598045082773162, 0.5610419724105917, -0.7859602551480671]
image 5 t vec: 
[19.00327766279757;
  -17.85812717597617;
  293.9262032062227]
image 5 r mat: 
[-0.9645160284482144, 0.2488947183441466, -0.08809228142619076;
  0.1236243649343664, 0.7205541007705761, 0.6822893845409589;
  0.2332934788224006, 0.6471886950828899, -0.725755431048124]
image 6 t vec: 
[24.32289649283965;
  6.883886824845805;
  283.657042864136]
image 6 r mat: 
[-0.9906839099125611, 0.00417706183797649, 0.1361173860855487;
  0.07209226209329551, 0.8640696589119232, 0.4981830289101631;
  -0.1155339620485344, 0.5033549212059365, -0.8563210419644802]
image 7 t vec: 
[28.3382086604265;
  -21.50344751536921;
  288.925057621727]
image 7 r mat: 
[-0.9875071061727174, -0.02227836829650044, -0.1559916329949491;
  0.09567909263343902, 0.7017931503519533, -0.7059262605626191;
  0.1252007447710564, -0.7120323366428849, -0.6908941489719294]
image 8 t vec: 
[-20.15370509385745;
  -18.79927763120671;
  295.9140496445942]
image 8 r mat: 
[-0.04471712337577949, 0.9973059953047225, -0.05814749011137052;
  0.9888057212436367, 0.05247968338111719, 0.1396750817721932;
  0.142350358316537, -0.05125070303395172, -0.9884886144643645]
image 9 t vec: 
[-29.51650682132092;
  -16.331358480574;
  292.0249353303723]
image 9 r mat: 
[0.009497700418450772, 0.9175662092626399, -0.3974695526781272;
  0.9890095466531769, 0.05003068479419337, 0.1391296057922302;
  0.1475462988883106, -0.3944225934177873, -0.9070065641912125]
image 10 t vec: 
[21.03644949361653;
  -9.526525141868975;
  283.7881564069165]
image 10 r mat: 
[-0.9969122046274855, 0.06949213308563511, -0.03656363909644328;
  0.05690540642437496, 0.9602094216877122, 0.2734220935144544;
  0.05410943526265344, 0.27049715329622, -0.9611989695553144]
image 11 t vec: 
[6.991624023424058;
  -22.51727642775756;
  277.501024305242]
image 11 r mat: 
[-0.920805409048977, 0.3395196148308409, -0.1919474662798747;
  0.2553167002089231, 0.8967671366110617, 0.3614167750517731;
  0.2948402639745342, 0.2837871276846689, -0.9124330577636435]
image 12 t vec: 
[7.249761634966692;
  -17.551921668927;
  283.8340812102895]
image 12 r mat: 
[-0.9321188555066923, 0.3413613661844316, -0.1209415432578596;
  0.2978743802932639, 0.912597968912475, 0.2800639225279295;
  0.2059740099473676, 0.2250274756858027, -0.9523325797286771]
image 13 t vec: 
[-33.55342860880194;
  3.405434089085519;
  310.9375414643804]
image 13 r mat: 
[0.8204358105945476, 0.5026294981811728, -0.2724860881810486;
  0.5628339068906734, -0.7938185696313932, 0.2303694245392597;
  -0.1005140485118801, -0.3423677351423631, -0.9341741058203444]

